imdb_score_pred
9.263364924450002
6.671863905023476
6.8371634955408
6.720682363678424
6.941829943212836
7.001397837193781
6.483161037126039
7.008818638031543
6.165452818259166
7.784674337796656
6.624418564745246
5.867841138332084
5.924325728193692
6.690814756006775
6.559700048378315
6.5769732244670145
6.546539344501097
6.620673070538352
6.842055263462156
6.199439685605496
6.950195577985678
6.800275506572287
6.590046091696794
6.714532421119493
6.705357820515621
6.5390879958560735
6.800796676170821
6.523103568951818
6.549066791997001
6.7769979236447755
6.592198919522665
6.804588719324854
6.216212163703298
6.791649081067154
6.788661233450177
6.593762464047633
6.5962021365658705
6.522518371243358
6.526758011106301
6.852887021529809
6.9375255348213285
6.93104178471721
7.090537415203544
6.874179714168627
6.848362854757803
6.893147826145577
6.872009176817075
6.744783331591635
6.710277629571103
6.943981422974909
6.810178586286727
7.187514965014894
6.537811536573022
6.947504330962256
6.810178586286727
6.932394155353005
6.9339639225683785
6.715381147088889
6.240927744306584
7.004901033083201
6.93104178471721
6.355515184348877
6.838144732057014
6.585984764511897
6.572528192612992
6.759154531875025
6.284059871832248
6.327191999357912
6.516880119112211
6.809543939984706
6.659950638565997
6.6745263464004845
6.885483446647137
6.656989796449225
6.40700036625566
6.641539596654055
6.98562845831225
6.989941671064816
6.922478790263277
7.2238950472092665
6.841940066841763
6.952671279531242
7.212191589385537
6.571247550935944
6.921321615755162
6.657657045640195
7.152431436785092
6.443712174728406
6.9307418196876736
6.491157515006636
6.496883046636451
6.825549422123733
6.940004758299168
6.885934400659663
6.98562845831225
6.889776755851402
7.09296861278285
6.501409428173189
6.4972743953678584
6.9952947713232465
6.8677593951157085
6.747049386285302
6.698919271830134
6.872072607868275
6.615615858895577
6.908381977497463
6.693878514377257
6.725874671253878
6.592813614698776
6.842734859215767
6.841940066841763
6.826039586467292
6.62746455637223
7.122512064542753
6.6380798656195195
6.6266707779448515
6.875955604518735
7.2430089045889865
6.601585279856832
6.820314054837478
6.686106829487581
6.610066465709041
6.854389540755903
6.973873947213338
6.847996998961533
6.80447352270446
6.943207042030401
6.566285799408922
6.574520876182646
6.540015174162114
6.890180199493998
6.8246872158314975
6.769967820683929
7.071335135101787
7.0848323516212774
6.939731641273543
6.870211601498821
6.818336858266198
6.613731139687152
6.769410242422138
6.79097630618497
6.4410244496372595
6.8954423392397635
6.606989433390444
6.688940475689206
6.898874038917362
6.516411965586549
6.907990628766054
6.55726802517238
6.897327058448188
6.905953483953321
6.5697174990865195
6.86436833689683
6.614379678461607
6.9561466802881
6.901767467115902
6.8945608261647955
6.547956825490309
6.661647337526209
6.8628213564276574
6.311806247007503
6.869563062724365
6.34819666823646
6.779634133694926
6.485687127745955
6.692329991137734
6.440321116509527
7.04552327250462
6.7193943948119195
6.866680141505539
6.808296571113467
6.437537955606385
6.657657045640195
6.889385407119994
7.010950156565857
6.960789069302716
6.462377344615919
7.135451702800452
6.581226347076871
6.888895242776434
6.775204730740534
6.641756565265724
6.488256621131318
6.72499315817891
6.467081906099894
6.31779119290827
6.566689243051517
6.514527246378124
7.105259213532487
6.677140222007078
6.8126097838660336
6.882502700982064
6.315728111028661
6.557659373903789
7.1495305429097735
6.981315245559683
6.728020820317052
6.405815414488996
6.419245217090255
6.847996998961533
6.73793279643661
6.293671882922269
6.4575065536015614
6.844332324983422
7.09296861278285
6.562766365083734
7.241147898219532
6.345235826119688
6.802563573806875
6.527466884635824
6.415971891843553
6.743598379824971
7.09296861278285
7.137630792157938
6.938183118034019
7.046013436848179
6.962025249736684
6.923206334963587
6.931790397685658
6.817054253791459
6.992175376221588
6.808427828286326
6.992175376221588
6.525108157252737
6.749395220386191
6.7247561855624705
6.348154305453398
6.801041644472871
6.84552614263433
6.8097801989221205
6.566887914142606
6.608299441243177
6.45474438257588
6.680271687401011
6.719202731118226
6.827033049932386
7.09876545334407
6.714889518365659
6.848486984751101
6.441804744318181
7.056873567510084
6.420238680555348
6.51512936111181
6.701837751163843
6.624199921617648
7.189342921147965
6.983548950716455
6.828273291624064
6.529309241061187
6.490490326288089
6.655744781521408
6.899005296090221
6.979235737963888
6.939176581499113
6.223071135628971
6.779475580710039
6.847246743059423
6.65870562363818
7.1850297083953985
6.4116122550502155
6.987862163469021
6.607059199551499
6.529309241061187
6.28652908522579
6.283456114164902
6.530661611696981
6.979235737963888
6.677310845284239
6.468924262525257
6.9564294325093785
6.3296612127514535
6.529309241061187
6.474589845913618
6.7665359424523395
6.792527347911855
7.016814411045308
6.823960078871497
6.565167313717513
6.634178717758576
6.742009036572735
6.453023782150786
6.89297148291256
7.100005695035748
6.87016517745805
6.395599645731628
6.844285900942652
7.003874772787609
6.950341161637472
6.9126887240790715
6.908375511326505
6.917001936831638
6.730367311256585
6.908375511326505
6.674295545473222
6.911522246864375
6.606450618646856
6.622536992442425
6.950341161637472
6.761726277739247
6.35493190836221
6.717427672998886
6.72901494062079
6.609411460763628
6.724701727868224
6.924461885122074
6.398064035887874
6.613724673516194
7.032292203936234
6.398064035887874
6.697028086450751
6.750581004383623
6.623703469657122
6.990326553625267
6.635476630700124
6.49430708708013
6.7937131319092865
6.6280166824096884
6.707448876857958
6.704302141320089
6.437068844082069
6.727220575718716
6.704488034741186
6.534920366755302
6.311799780836545
6.380811184877608
6.74195457887849
6.899749085821372
6.958967587142605
6.618223779689859
6.618223779689859
6.981700128120134
6.777626758113718
6.941714736132339
6.501581141949468
6.737641366125923
6.199656249269819
7.037771893903497
7.0495450549465
6.688401660945618
6.549212375648796
6.588031290421894
6.59234450317446
6.731533788471283
6.576258129378892
6.18671661101212
6.346305482857077
6.445695269587202
6.524499576348094
6.718594150213583
6.687235183730921
6.904062298573939
6.298860142578846
6.448656111703974
6.3994164065236685
6.796231979759779
6.77035270324438
6.216909100280084
6.409837196930876
6.379644707662911
6.679775235440485
6.488827397112866
6.5233330991333975
6.405523984178309
6.671148809935352
6.451174959554465
6.904062298573939
6.405523984178309
6.445509376166104
6.431403260693708
6.859763693833577
6.6927148736981845
6.414150409683442
6.195343036517253
7.084050756967031
6.600785035258495
6.2772940788160145
6.189863346549989
7.071111118709332
6.632329895162255
6.859763693833577
6.311799780836545
6.682736077557257
6.726054098504019
6.733328153373357
6.859763693833577
6.653389522800423
6.597654041847905
6.64476309729529
6.8704025310645385
6.81466705011202
6.754282071576091
6.261223447147725
6.623197033532458
6.866089318311972
6.64476309729529
6.81466705011202
6.5688139232157345
6.857462892806839
6.758595284328657
6.779825063260644
6.205151681364361
6.473586957828428
6.56746155257994
6.801727411854321
6.9523535733633
6.7974141991017545
6.239657383384893
6.562812054996528
6.515366714718298
6.248283808890026
6.7974141991017545
6.866089318311972
6.5688139232157345
6.741342433318391
6.499802519174672
6.762908497081224
6.6421385400093635
6.589027616342772
6.558835127074808
6.693560808209315
6.547247859452903
6.81466705011202
6.465296817154141
6.801727411854321
6.779825063260644
6.321272140852809
6.627510246285024
6.532619565728564
6.27847629815799
6.564500710463168
6.918184156173615
6.55156107220547
6.653725807631268
6.603319625236266
6.611609765910554
6.689247595456749
6.529995008442637
6.529658723611792
6.547247859452903
6.547247859452903
6.594356914900288
6.616259263493966
6.7887877735966216
6.653389522800423
6.3086687874259555
6.511389786796577
6.2350078858014815
6.265536659900291
6.533971936364359
6.312982000178522
6.663704603772196
6.56746155257994
6.542934646700337
6.521032298106659
6.5990064124837
6.521032298106659
6.689583880287595
6.6507649655144965
6.295392864337411
6.611946050741399
7.034304615662062
6.498113863708032
6.555874284958036
6.948040360610734
6.611946050741399
6.827270403538875
6.597654041847905
6.637489042425952
6.597654041847905
6.542934646700337
6.649076310047857
6.930787509600468
6.274163085405424
6.696521650326087
6.56746155257994
6.922161084095335
6.439417540638742
6.44770768131303
6.76722170983379
6.3086687874259555
6.866089318311972
6.620572476246532
6.563148339827374
6.317295212931088
6.291079651584845
6.377680191467018
6.7240895823081255
6.485174225450333
6.9523535733633
6.429438744497815
6.628862616920819
6.499802519174672
6.624549404168253
6.5688139232157345
6.465296817154141
6.55156107220547
6.602983340405421
6.148743630750153
6.304355574673389
6.930787509600468
6.680621169951617
6.589027616342772
6.3574664983399805
6.14011720524502
6.64476309729529
6.8617761055594055
6.81466705011202
6.784474560844056
6.584714403590206
6.9268105816787475
6.603319625236266
6.564500710463168
6.5990064124837
6.810353837359454
6.452357178896442
6.062479375698825
6.467921374440067
6.41785147687591
6.7887877735966216
6.801727411854321
6.857462892806839
6.905244517915915
6.525681795690071
6.7801613480914895
6.477900170580995
6.55156107220547
6.995485700888964
6.351800914951619
6.3819934042195845
6.541582276064542
6.580064906006794
6.909557730668482
6.646115467931085
6.676644242029895
6.442042097924669
6.848836467301706
6.892304879658216
6.53862143394777
6.918184156173615
6.87505202864795
6.649412594878702
6.689247595456749
6.42910245966697
6.282453226079712
6.939750219936446
6.76722170983379
6.1530568435027195
6.683582012068388
6.486526596086128
6.667681531693917
6.325585353605375
6.286766438832278
6.619220105610737
6.806040624606887
6.607632837988833
6.542934646700337
6.8707388158953835
6.640786169373569
6.265536659900291
6.542934646700337
6.607632837988833
6.50707657404401
6.438065170002948
6.775848135338923
6.426477902381043
6.252260736811746
6.347151417368208
6.287102723663123
6.403559467982417
6.801727411854321
6.403223183151571
6.999798913641531
6.590043702147722
6.939413935105601
6.620572476246532
6.681240202974081
6.745938394262577
6.105183528158925
6.711432692242046
6.279064408897376
6.675879982133486
6.4502405483642375
6.235626918823946
6.402795208086007
6.534590969386823
6.659674139211249
6.693132833143752
6.400881374057264
6.658627131123221
6.524612173245895
6.395521153216669
6.7416251815100106
6.4904118337731305
6.413821012314964
6.7837103009476465
6.550491449761294
6.493372675889902
6.6370610673603885
6.827889436561339
6.444013501582928
6.438347918194567
6.538904182139389
6.498732896730497
6.667253556628354
6.178508144952554
6.4429664934949
6.524612173245895
6.4904118337731305
6.615495003597556
6.1881815785457155
6.447279706247467
6.845142287571605
6.702806266736913
6.688819620391185
6.348075812938439
6.480433037632203
6.659674139211249
6.680193194886052
6.487145629108593
6.359663080560344
6.473158982762865
6.15798908927775
6.274445833597044
6.1655685066948545
6.152628868437155
6.632747854607822
6.4588669738693705
6.675879982133486
6.422447437820097
6.680193194886052
6.451592919000032
6.476119824879636
6.1483156556845895
6.460219344505165
6.61118179084499
6.476119824879636
6.4170872169795015
6.537551811503595
6.460219344505165
6.598242152587291
6.144002442932023
6.204387421467953
6.109496740911491
6.339449387433306
6.832202649313905
6.192494791298282
6.460219344505165
6.356702238443572
6.491458841861159
6.4084607914743685
6.918466904365234
6.667253556628354
6.715745904994613
6.52596454388169
6.5551100250616265
6.283072259102176
6.452639927088061
6.460219344505165
6.469892778098327
6.529230748546228
6.720059117747179
6.430026855237201
6.516291110288529
6.5149387396527345
6.528925385998462
6.685553415726647
6.476119824879636
6.1148569617520865
6.564783458654788
6.511672534988196
6.4904118337731305
6.515985747740762
6.6683005647163816
6.39952900342147
6.497685888642469
6.5551100250616265
6.589615727082158
5.984413571087066
6.662940343875787
6.4502405483642375
6.573409884159921
6.455906131752599
6.353436033779034
6.818216002968178
6.33914402488554
6.836515862066472
6.546178237008728
6.389855569828308
6.520298960493329
6.480433037632203
6.684506407638619
6.373955089453838
6.589615727082158
6.836515862066472
6.564783458654788
6.788023513700213
6.788023513700213
6.201121216803415
6.422447437820097
6.489059463137336
6.476119824879636
6.775083875442514
6.161255293942288
6.75456481976771
6.463180186621937
6.499038259278263
6.169881719447421
6.352083663143239
6.227000493318813
6.476119824879636
6.395215790668903
5.928341805303702
6.18282135770512
6.455600769204833
6.737311968757444
6.476119824879636
6.5149387396527345
6.5302777566342565
6.325157378539812
6.680193194886052
6.836515862066472
6.624121429102689
6.520298960493329
6.437300910106539
6.7416251815100106
6.487145629108593
6.452639927088061
6.546178237008728
6.658627131123221
6.810636585551073
6.556157033149655
6.767504458025409
6.832202649313905
6.3836285230469985
6.3348308121329735
6.274445833597044
6.464227194709966
6.766457449937381
6.56774430077156
6.0836174643960925
6.685553415726647
6.3437626001858725
6.200074208715386
6.231313706071379
6.697446045896318
6.71901210965915
6.476119824879636
6.629481649943284
6.369641876701271
6.559423237814193
6.688819620391185
6.434340067989767
6.152628868437155
6.377962939658637
6.619808216350123
6.685553415726647
6.438653280742334
6.543217394891956
6.577723096912488
6.473158982762865
6.1881815785457155
6.840829074819038
6.3855423570757415
6.416781854431735
6.152628868437155
6.248566557081645
6.517338118376557
6.178508144952554
6.274445833597044
6.4084607914743685
6.67156676938092
6.365023301400938
6.487145629108593
6.464227194709966
6.511672534988196
6.3122177402821125
6.260459187251316
6.688819620391185
6.538904182139389
6.122436379169191
6.688819620391185
6.675879982133486
6.323243544511069
6.152628868437155
6.214060855061113
6.282025251014148
6.511672534988196
6.788023513700213
6.849455500324171
6.7502516070151435
6.460219344505165
6.152628868437155
6.77939708819508
6.357749246531601
6.482832416356026
6.455906131752599
6.293051055243104
6.325157378539812
6.313570110917907
6.632747854607822
6.473158982762865
6.174194932199987
6.421400429732068
6.845142287571605
6.6683005647163816
6.585302514329592
6.688819620391185
6.688819620391185
6.4429664934949
6.47851920360346
6.46557956534576
6.447279706247467
6.745938394262577
6.688819620391185
6.4817854082679975
6.2302666979833505
6.27875904634961
6.152628868437155
6.32219653642304
6.940032968128066
6.4469743436997
6.13537601742689
6.6284346418552555
6.632747854607822
6.47180661212707
6.551843820397089
6.771817670777976
6.4904118337731305
6.314617119005936
6.464227194709966
6.491458841861159
6.3437626001858725
6.771817670777976
6.0663646133858276
6.326509749175607
6.499038259278263
6.2216402724782185
6.6370610673603885
6.580989301577025
6.279064408897376
6.463180186621937
6.451592919000032
6.568049663319326
6.528925385998462
6.071724834226422
6.612228798933018
6.467493399374503
6.174194932199987
6.362062459284166
6.632747854607822
6.442661130947133
6.209747642308547
6.75456481976771
6.4084607914743685
6.18282135770512
6.737311968757444
6.279064408897376
6.7502516070151435
6.353436033779034
6.482832416356026
6.451592919000032
6.680193194886052
6.697446045896318
6.504398480118859
6.584997151781825
6.529230748546228
6.274445833597044
6.131062804674324
6.0189192731075964
6.8969008406024015
6.8235762238087725
6.831155641225877
6.468845770010298
6.3855423570757415
6.58634952241762
6.494725046525697
6.480433037632203
6.227305855866579
6.027545698612729
6.513024905623991
6.430026855237201
6.468845770010298
6.338097016797511
6.352083663143239
6.152628868437155
6.654313918370654
6.858081925829304
6.43107386332523
6.77939708819508
6.296011897359875
6.252879769834212
6.745938394262577
6.434340067989767
6.484746250384769
6.333783804044945
6.2216402724782185
6.127796600009786
6.386894727711536
6.352083663143239
6.343457237638106
6.4904118337731305
6.551843820397089
6.4904118337731305
6.15398123907295
6.511672534988196
6.534590969386823
6.38258151495897
6.460219344505165
6.097604110741821
6.551843820397089
5.9682077281648285
6.451592919000032
6.356702238443572
6.201121216803415
6.187134570457687
6.144002442932023
6.4081554289266025
6.152628868437155
6.47851920360346
6.316530953034679
6.533238598751028
6.714698896906584
6.152628868437155
6.162302302030317
6.546178237008728
6.434340067989767
6.283072259102176
6.131062804674324
6.126749591921757
6.191447783210253
6.454553761116804
6.688819620391185
6.480433037632203
6.763191245272843
6.0836174643960925
6.105183528158925
5.915402167046003
6.836515862066472
6.766457449937381
6.7103856841540175
6.0922438899012255
6.231313706071379
6.326204386627841
6.422447437820097
6.4170872169795015
6.231313706071379
6.620855224438151
6.344809608273901
6.542170386803927
6.416781854431735
6.304943685412774
6.4817854082679975
6.208700634220519
6.360710088648371
6.416781854431735
6.063098408721289
6.201121216803415
6.256145974498749
6.251832761746183
6.439700288830362
6.256145974498749
6.556157033149655
6.13537601742689
6.348075812938439
6.24320633624105
6.304943685412774
6.38258151495897
6.4569531398406275
6.131062804674324
6.559423237814193
6.469892778098327
6.4904118337731305
6.2388931234884835
6.464532557257732
6.057738187880695
6.330822961928173
6.444013501582928
6.869974555998975
6.835468853978443
6.73195174791685
6.693132833143752
6.273398825509015
6.788023513700213
6.3348308121329735
6.486098621020564
6.152628868437155
6.546483599556494
6.2949648892718475
6.152628868437155
6.412774004226935
6.264772400003882
6.152628868437155
6.543217394891956
6.192800153846048
6.169881719447421
6.132109812762352
6.473158982762865
6.408413869600821
6.304896763539228
6.577981537586706
6.3472068277145395
6.6642457926380345
6.559906623226089
6.581472686988921
6.351520040467106
6.6720501547928155
6.564219835978656
6.19759675201051
6.352342103817458
6.425666720611087
6.368772891477372
6.638366516122636
6.620291601762019
6.638366516122636
6.355833253219672
6.33212841069042
6.572846261483788
6.478777644277678
5.911572339705332
5.967644105488696
6.646992941627769
6.577981537586706
6.240728879536174
6.362320899958386
6.288996283164757
6.266608156051573
5.969818539474842
6.616800452359804
6.559906623226089
6.245042092288741
6.275234581556705
6.2234760285259085
6.57366832483414
6.386025742487638
6.585785899741487
6.387378113123432
6.590099112494054
6.401139814731483
6.253668517793874
6.439958729504581
6.716004345668831
6.413257389638831
6.590099112494054
6.361498836608034
6.322149614549493
6.387378113123432
6.3701252621131665
6.542653772215823
6.396004538628565
6.088414062560555
6.288174219814405
6.309740283577237
6.612487239607238
6.43429314611622
6.271743432154491
6.408413869600821
6.353694474453253
6.28468307041219
6.175500380962235
6.529714133958124
6.6642457926380345
6.637544452772285
6.368772891477372
6.461524793267413
6.634053303370069
6.439958729504581
6.409766240236616
6.331306347340069
6.3709473254635185
6.131546190086219
6.404630964133698
6.388200176473784
6.565041899329007
6.391691325875999
6.417570602391397
6.362320899958386
6.53402734671069
6.405453027484049
6.577159474236354
6.288174219814405
6.642679728875202
6.59441232524662
6.275234581556705
6.353694474453253
6.448585155009714
6.6814986436483
6.2968006453195375
6.6720501547928155
6.05822157329259
6.655619367132902
6.14530789169427
6.105666913570821
6.322679921834936
6.339932772845202
6.676363367545382
6.391161018590556
6.28682184917861
6.429979933363653
6.3658120493606
6.707377920163698
6.25798173054644
6.254490581144225
6.450723933776134
6.409766240236616
6.3701252621131665
6.6728722181431674
6.405453027484049
6.408944176886265
6.248824997755864
6.719495495071046
6.0366555095297585
6.414079452989182
6.2660778487661295
6.093549338663474
6.538340559463257
6.559906623226089
6.448585155009714
6.404630964133698
6.624604814514585
6.335089252807192
6.276056644907057
6.469329155422194
6.050417211137809
6.3701252621131665
6.210536390268209
6.128055040684004
6.357185623855467
6.465015942669628
6.572846261483788
6.309209976291794
6.136681466189137
6.399787444095688
6.53402734671069
6.655619367132902
6.25313821050843
6.399787444095688
6.529714133958124
6.361498836608034
6.676363367545382
6.176852751598029
6.508148070195292
6.405453027484049
6.253668517793874
6.5254009212055575
6.581472686988921
6.638366516122636
6.170365104859317
6.655619367132902
6.391691325875999
6.326993134587503
6.279017487023829
6.559906623226089
6.565041899329007
6.375260538216085
6.422705878494315
6.352872411102901
6.500343708040511
6.25313821050843
6.352872411102901
6.607351963504319
6.625426877864936
6.659110516535116
6.348559198350334
6.776389324204761
6.48173848639445
6.062534786045156
6.542653772215823
6.650484091029983
6.366634112710952
6.42135350785852
6.245042092288741
6.383064900370866
6.559906623226089
6.680676580297948
6.132368253436571
6.569355112081573
6.62111366511237
6.257451423260997
6.828147877235558
6.266608156051573
6.457211580514847
6.582294750339273
6.0452819350348905
6.456389517164495
6.431332303999448
6.478777644277678
6.595234388596972
6.335089252807192
6.425666720611087
6.162560742704536
6.088414062560555
6.14530789169427
6.568533048731221
6.278195423673477
6.720317558421398
6.680676580297948
6.257451423260997
6.711691132916265
6.46583800601998
6.80226860072016
6.585785899741487
6.262294943299007
6.331306347340069
6.615978389009452
6.551280197720956
6.326993134587503
6.060396007278737
6.114293339075954
6.612487239607238
6.646170878277417
6.749687984339011
6.3787516876182995
6.174678317611884
6.54696698496839
6.534849410061042
6.23937650890038
6.776389324204761
6.655619367132902
6.572846261483788
6.508148070195292
5.770058382220992
6.616800452359804
6.634053303370069
6.357185623855467
6.342893614961974
6.711691132916265
6.301935921422456
6.102706071454049
6.529714133958124
6.6728722181431674
6.650484091029983
6.785015749709894
6.417040295105954
6.355833253219672
6.396004538628565
6.3709473254635185
6.650484091029983
6.361498836608034
6.218632508487899
6.45289836776228
6.148799041096485
6.348559198350334
5.8253080846540035
6.028029084024626
5.993523382004094
6.206223177515643
6.77556726085441
6.422705878494315
6.65479730378255
6.417570602391397
6.414079452989182
6.54696698496839
6.6814986436483
6.418392665741749
6.634053303370069
6.040968722282325
6.387378113123432
6.019402658519493
6.357185623855467
6.638366516122636
6.629740090617503
6.033164360127543
6.608174026854671
6.642679728875202
6.431332303999448
6.317014338446575
6.642679728875202
6.634053303370069
6.698751494658565
6.62111366511237
6.429157870013301
6.353694474453253
6.6720501547928155
6.361498836608034
6.659932579885468
6.222123657890114
6.344245985597768
6.304074700188876
6.167404262742545
6.706555856813347
6.390338955240204
6.310562346927589
6.434823453401663
6.655619367132902
6.3054270708246705
6.227789241278475
6.140994678941704
6.331306347340069
6.0452819350348905
6.586607963091839
6.088414062560555
6.565041899329007
6.217810445137547
6.265255785415778
6.340754836195553
6.071983274900641
6.092727275313122
6.375260538216085
6.383886963721218
6.473112060889317
6.655619367132902
6.335619560092636
6.374438474865733
6.0539083605400235
6.244511785003298
6.387378113123432
6.6814986436483
6.728121920576179
6.568533048731221
6.274704274271262
6.15824752995197
6.349381261700686
6.427019091246882
6.620291601762019
6.278195423673477
6.193283539257944
6.023715871272059
6.279017487023829
6.612487239607238
6.612487239607238
6.646170878277417
6.266608156051573
6.353694474453253
6.110802189673739
6.457211580514847
6.375260538216085
6.062534786045156
6.292487432566971
5.967644105488696
6.267430219401924
6.319188772432722
6.276056644907057
6.577981537586706
6.707377920163698
6.3658120493606
6.2242980918762605
6.612487239607238
6.581472686988921
6.425666720611087
6.42135350785852
6.430510240649096
6.650484091029983
6.279017487023829
6.0452819350348905
6.719495495071046
6.470151218772546
6.088414062560555
6.179813593714801
6.2738822109209105
6.327815197937854
5.9805837437463945
6.262294943299007
6.7375704094316635
6.011598296364712
6.248824997755864
6.655619367132902
6.31836670908237
6.306249134175022
6.171717475495112
6.611665176256886
6.1194286151788715
6.620291601762019
6.392513389226351
6.194105602608295
6.5987255379991865
6.473642368174761
6.243689721652946
6.3701252621131665
6.33212841069042
6.6720501547928155
6.015089445766926
6.503304550157282
6.366634112710952
6.377399316982505
6.309209976291794
6.257451423260997
6.676363367545382
6.133720624072366
5.984896956498961
5.882201913787719
6.31836670908237
6.338580402209407
6.080609700405774
6.348028891064891
6.040968722282325
6.638366516122636
6.115115402426305
6.77556726085441
6.283861007061838
6.585785899741487
6.684989793050515
6.569355112081573
6.248824997755864
6.3701252621131665
6.668559005390601
6.232924517381393
6.22643687064268
6.3701252621131665
6.615978389009452
6.25313821050843
6.122919764581086
6.495208431937592
6.396826601978916
6.529183826672681
6.235885359498165
6.638366516122636
6.296270338034095
6.300583550786661
6.724630771173964
6.2566293599106455
6.140994678941704
6.0452819350348905
6.279017487023829
6.193283539257944
5.99783659475666
6.521087708452991
6.374438474865733
6.51328334629821
6.633231240019718
6.685811856400867
6.46583800601998
6.552102261071307
6.59441232524662
6.724630771173964
6.409766240236616
6.43429314611622
6.396826601978916
6.28468307041219
6.002149807509227
6.166051892106751
6.2056928702302
6.431332303999448
6.274704274271262
6.552102261071307
6.386025742487638
6.089236125910907
6.33212841069042
6.314875559680155
6.585785899741487
6.404630964133698
6.352872411102901
6.196244381374715
6.54696698496839
5.777862744375773
6.6814986436483
6.356655316570024
5.993523382004094
6.473112060889317
6.387378113123432
6.231572146745599
5.994345445354446
6.123741827931438
5.882201913787719
6.257451423260997
6.629740090617503
6.040968722282325
6.487404069782811
6.366634112710952
6.213497232384981
6.276056644907057
6.241550942886526
6.585785899741487
6.417570602391397
6.041790785632676
6.028029084024626
5.95039125447843
6.204870806879848
6.375260538216085
6.728943983926531
6.05822157329259
6.629740090617503
6.204870806879848
6.260942572663212
5.925334041313383
6.703064707411132
6.3701252621131665
6.442097508271001
6.054730423890375
6.1194286151788715
6.364459678724805
6.271743432154491
6.655619367132902
6.2566293599106455
6.353694474453253
6.217810445137547
6.383886963721218
6.408944176886265
6.14530789169427
5.968466168839047
6.25798173054644
6.6720501547928155
6.153934317199403
6.42619702789653
6.4434498789067955
6.425666720611087
6.1194286151788715
6.195442831504667
6.386576563253384
6.0587723940583365
6.1661449047186245
6.386576563253384
6.244240542418693
6.386576563253384
6.048793597917409
6.119157372594266
6.1320970108519655
6.485322648408539
6.21223787436106
6.485780456562411
6.524141563181637
6.218361265903294
5.933689224233911
6.446961541789314
6.153663074614798
6.326191584717455
6.226529883254554
6.308480925553316
6.119157372594266
6.408142627016216
6.485322648408539
6.179542351130196
6.307128554917521
6.053106810669975
6.05445918130577
6.203611448855927
6.285562491154689
6.515515137676504
6.278288436285351
6.269662010780219
6.498262286666239
6.365010499490552
6.481467243809845
5.833132960289088
6.481009435655973
6.200650606739156
6.160937129484136
6.420624457120043
6.334360202068715
6.015640266532673
6.489635861161106
6.286914861790484
6.434021903531614
6.044480385164842
6.481009435655973
6.071712032316036
6.481467243809845
6.5327679886867696
6.4594433718931406
6.35161305307898
6.235156308759687
6.338673414821281
6.286914861790484
6.0612754280212355
6.395202988758517
6.3127941383058825
6.421082265273915
6.2812492784021225
6.1566239167315695
6.285562491154689
6.2480959470173865
5.962071534712209
6.204963819491722
6.2054216276455945
6.200650606739156
6.153205266460925
5.768434769000592
6.47238301015084
6.446503733635441
6.51982835042907
6.108720768299467
6.218361265903294
6.2394695215122535
6.320068193175221
6.584526541717566
6.295541287295617
6.170458117471191
6.114386351687828
6.057420023422542
6.498262286666239
6.498262286666239
6.299854500048183
6.601779392727832
6.606092605480399
6.2394695215122535
6.610405818232965
6.311441767670088
5.802940471021124
6.476696222903406
6.403371606109777
6.3214205638110155
6.192481989387895
6.537081201439336
6.114386351687828
6.217903457749421
6.039709364258404
6.502575499418804
6.545707626944469
5.897831151577584
5.98363759847504
6.220864299866193
6.144578840955792
6.156166108577697
6.217903457749421
6.091925725443073
6.013830087743005
6.606092605480399
5.897831151577584
6.2812492784021225
6.186816405999534
6.373636924995685
6.41199803161491
6.15185289582513
5.729158046073622
5.880120492413447
6.524141563181637
6.5413944141919025
6.005203662237872
6.498262286666239
6.15185289582513
6.053106810669975
6.149349861862231
6.364552691336679
6.320068193175221
6.15185289582513
6.506888712171371
6.328694618680354
6.285562491154689
6.3632003207008845
6.524141563181637
5.949131896454509
6.127783798099399
6.199756044257233
5.984095406628913
6.433564095377742
6.580213328965
6.173876767741835
6.182503193246967
6.662164371263762
6.6147190309855315
5.927565832691677
5.992264023980173
5.959568500749309
6.3545738951957516
6.29122807454305
6.286914861790484
6.606092605480399
6.2812492784021225
6.386576563253384
6.455130159140574
6.2812492784021225
6.446961541789314
6.554334052449602
6.434021903531614
6.325733776563582
5.9232526199391105
5.93619225819681
6.41199803161491
6.347299840326414
5.74686870523776
6.138913257567431
6.395202988758517
6.30416771280075
6.580213328965
6.575900116212434
6.299854500048183
6.325733776563582
5.838798543677449
6.610405818232965
5.8633254495570535
6.481009435655973
6.212695682514933
6.437877308130308
6.1566239167315695
6.204963819491722
6.493949073913672
5.968194926254442
5.9879508112276065
6.231300904160993
6.200650606739156
6.302815342164955
6.41199803161491
6.571586903459868
6.4680697973982735
6.580213328965
6.545707626944469
6.308480925553316
5.8633254495570535
6.627658669243231
6.000890449485306
6.157518479213492
6.360239478584113
6.147539683072564
5.979324385722474
5.957758321959642
6.147539683072564
6.524141563181637
6.299854500048183
6.317107351058449
6.2898757039072555
6.282601649037917
6.315754980422654
6.450816946388008
6.018143300495572
6.2898757039072555
6.261035585275086
5.871951875062186
6.153663074614798
6.562960477954735
6.2812492784021225
6.3632003207008845
6.261035585275086
6.058314585904464
6.1346000448148645
6.412455839768782
5.98363759847504
6.156166108577697
5.9146261944339775
6.389079597216283
6.2726228528969905
6.1747713302237575
6.537081201439336
6.567273690707301
6.2726228528969905
6.567273690707301
6.230843096007121
6.1259736193097325
6.498262286666239
5.966384747464775
5.975011172969908
6.416311244367477
5.802482662867251
6.097133500677562
6.138913257567431
6.1346000448148645
6.506888712171371
6.601779392727832
6.554334052449602
6.601779392727832
6.450816946388008
6.562960477954735
5.93619225819681
6.317107351058449
6.537539009593209
6.429250882625175
5.806795875619818
6.502575499418804
5.9146261944339775
6.2480959470173865
6.5413944141919025
6.035396151505838
6.537081201439336
5.9879508112276065
5.846072598546788
6.571586903459868
6.282601649037917
6.384766384463717
6.199756044257233
6.273975223532785
6.161831691966058
6.515515137676504
5.93619225819681
6.567273690707301
6.040167172412276
6.5327679886867696
6.498262286666239
6.295541287295617
6.074672874432808
6.031082938753271
6.399516201511084
6.022456513248138
6.108720768299467
6.273975223532785
6.082841491784068
6.054001373151898
6.4680697973982735
6.709609711541993
5.927565832691677
6.282601649037917
6.399058393357211
6.302815342164955
6.506888712171371
6.580213328965
6.213590244996855
6.567273690707301
6.022456513248138
5.729158046073622
6.403829414263649
6.256722372522519
6.562960477954735
6.009516874990439
6.302815342164955
6.009516874990439
5.927565832691677
6.1992982361033615
6.498262286666239
5.9965772367327395
6.131639202698093
6.273975223532785
6.610405818232965
6.2165510871136265
6.550020839697035
6.217903457749421
6.15185289582513
5.953445109207076
6.307128554917521
6.209277032244288
