imdb_score_pred
6.6272751101414755
6.060704465135876
6.2962804088213415
6.508220212999016
6.180702818741702
5.939418055954458
6.292914526399693
6.568865097078686
5.764818077358249
6.203596416619719
6.360792309631865
6.568667286388196
6.134369188080431
5.985101769876143
5.977981819371081
6.246753380665993
6.604764246981519
6.0990655717551014
6.10851921718629
6.103378784507668
6.854889509383864
6.172144569327834
6.142197699280766
6.162165773186906
6.875997911092089
5.972630031294881
5.705857194608213
6.482710650888563
6.2194760660781325
6.533320819734521
5.851860074223022
6.765088837999302
6.279974130981993
6.479666869304579
6.324391210212188
6.578870762613607
7.160264989336392
6.444914050307898
5.792402171670816
6.003861095886479
6.145671231625351
5.832981420798494
6.10405654734111
6.324391210212188
5.926578274630199
6.042680010659577
6.033015009830811
6.600436826376439
6.017912443761137
5.862358828357619
6.243377479692118
6.117116337070165
5.832981420798494
6.544844564217895
6.209611113465137
5.9459730129660375
6.29851193369679
6.603370799099217
6.481612683494427
6.1060661948459725
5.666297839971841
5.940405930718929
6.957609551450097
6.341644061222454
7.010111791003307
5.9753672860682725
6.523337782985767
5.6211296858877615
6.231582217532845
6.497716947144587
6.404110461132657
6.328704422964755
6.374865568698455
5.774222244676826
6.432645282981214
6.298118570310634
5.651322175155727
6.271198721994893
6.339782151096329
6.439664255250122
5.9909214576287795
6.639255741149537
6.630629315644404
6.229500529655727
6.461129823749784
6.219589909606064
6.001629571011031
6.604750039129005
6.124986061248253
6.2584088243791625
6.543998935357593
6.198480896837104
5.847546861470455
6.367523337737852
5.9902514732164605
6.394819429656762
6.3628553915114745
6.176389605989136
6.552483264165703
6.185016031494269
6.073227508217457
6.591810400871306
6.1825129975313695
6.119896494119991
6.465093026520409
6.093768579278054
6.172847996702603
5.920326377759252
6.163449967731436
6.136286496671508
6.119033645661243
5.898760313996419
6.496526356928689
6.336457981458912
6.271348462636861
6.517201589533147
5.926681074494156
5.959690393037182
6.483980082057146
5.538711636184516
6.013259124857646
6.8296465990873925
6.722204420610281
6.459517620945258
6.215666328916106
7.031827446049944
6.234271550562166
6.163975951976574
6.5663889325097795
5.783029280682083
6.0862699463391134
5.545985691053854
6.558721514254286
6.5846007907696835
5.952079387048007
6.1669367940933455
6.063419688031751
5.90961269922099
6.467992155759897
5.96961539132933
6.815731338769278
6.719590545003689
6.1041766988124655
6.003006896938251
5.832010103359032
5.994408283990689
6.054793262526618
6.510317166726416
6.1669367940933455
6.268507306301465
6.617592391216196
6.919077017820493
6.560054032277702
6.625052059482442
6.653399327084824
6.93291222149051
6.829125429488858
6.628317260362188
6.3706495522085795
7.098441168545837
6.8195835107030405
6.722410731125887
6.576097782369474
6.502436880745
6.919030122410569
6.53065026778164
6.89660931803228
6.833438642241425
6.98532487571005
6.849163977754049
6.854929517973897
6.986475716282077
6.645109186410537
6.324242787253983
7.010550051036706
6.337518710342527
6.3691717978177484
6.794254697824094
6.179726149734734
6.747444073130155
6.871584782132339
6.621322327982095
6.652553392573694
6.5628218592809295
6.629148613716725
6.523157009996702
6.51617941950624
7.030247760110352
6.6307895181203715
6.383781831278781
6.640459688827125
6.520007437923208
6.722728437293829
6.231780809615324
6.54001649762081
6.635300541563428
6.71725158386219
6.322358277419218
6.891134240158712
6.812621768043471
6.790576200655819
6.808473520128063
6.611753441654721
6.1344492449357615
6.26815884026532
6.873852681090531
6.512010960042611
7.067580824069707
6.677394093765459
6.323199042052361
6.261276362306501
6.776351610693588
6.760302680562413
6.3568639794397495
6.39136968146028
6.580513027654327
6.530431064866039
6.732299382334125
6.444480605126873
6.240407235120457
6.282994262141288
6.4706546672347525
6.703145468389794
6.934164813287747
6.749518707968503
6.4269139588044455
6.4269139588044455
6.565691853249231
7.001111649661581
7.424411005318023
6.6262905456800745
6.936840551682626
6.638916388625613
6.482602154209588
6.44908860347192
6.034053585154444
6.568397297736602
6.819633696798939
6.592511892285941
6.591603543104301
7.359282244026328
6.82469833229813
6.759217234173157
6.733337957657758
6.795879359930596
6.465918766998641
6.838630121838692
6.717328614838253
7.024144694239818
6.483594305492452
6.374725411354658
6.9896389922192865
6.7462775959154575
6.331593283828994
6.1338318511833885
6.537029360893873
6.234927545153193
6.106482623975821
6.943410604585306
6.5439792840283815
6.855882972848958
6.633095489025098
6.132056793064049
6.122495565574773
6.460670060263196
7.078394977863072
6.811508074193594
6.53389159571607
6.490759468190406
6.4775060346205455
6.637408701777664
6.651386915358996
6.381201761218162
6.724513721462135
6.614864614981981
6.416240019795984
6.153622856826881
6.561944317715415
6.749532286594995
6.5942765742519995
6.755677845077375
6.459214608286646
6.389658103740751
6.819796555961707
6.942239531597358
6.773633254508206
6.7099759071582685
6.452064564858864
6.903029637085199
6.470892020841241
6.336143850188049
6.566661459489593
6.530259351089761
7.993258639546383
6.044275561417602
6.185181403848224
6.236394856374188
6.7211714332286
6.247021834360703
6.4927718799162335
6.666492533046628
6.484306969770261
6.198121042105923
6.388743167851989
6.234001604280933
6.542372566779587
6.546260301391424
6.597663846132306
6.468684340208231
6.528652442091244
6.193807829353356
6.666338965342524
6.263857808718052
6.70027751850779
6.837358022692687
6.306902822319704
6.6888005614825685
6.6499019027879225
6.734207743432192
6.522964369184199
6.514024148366905
6.644465781812149
6.92617698136476
6.549089796831766
5.988700247594765
6.84718678118277
6.591766641022224
6.393260866839663
6.42963889748966
6.854645202345198
6.9469529456158154
6.589477932215662
6.368307743114273
6.346114646403688
6.470660715648569
6.4988077614328965
6.640795973657971
6.602259807076492
6.371826601672568
6.143706884668658
6.337518710342527
6.277133731806597
6.498289136480922
6.307326221074562
6.155940375979879
6.107543574302029
6.3930563806045555
6.673775621010291
6.62253685340454
6.239313393400567
6.297918735128898
6.3523081877110075
7.071894036822274
6.297414843864899
6.423786116683488
6.329489871689217
6.60637086345951
6.670988462925935
6.632169548152838
6.462915675479114
6.528652442091244
6.6278563354002715
6.554814466798262
6.4025306969431846
6.8175111563667485
6.40653011438359
6.307608969266181
6.559199939649123
6.636198004633814
6.306656236662242
6.614631940870982
6.798775205941485
6.567754105055961
6.186839012194322
6.317846206081328
6.741241622408256
6.402813445134804
6.494902827737682
6.585006956066227
6.410612021943485
6.225623097697916
6.462288046324549
6.2558504162353845
6.545849543431555
6.810957085197909
6.59335063337974
6.537695744249293
6.544620341396978
6.58251170123473
6.576097782369474
6.5159955520251645
6.641150981947885
7.23498441007702
6.333205497589961
6.297415601024899
6.7001373381636675
6.870076571195353
7.061166027545901
6.586601610146487
6.952056257880159
6.5333206631337255
7.194413084159548
6.466915092919519
6.805847846561347
6.358961654642783
6.596157371132236
6.410843327136156
6.3030130083219955
6.649422399163104
6.643824234706006
7.010154507757514
6.653342248529514
6.519261756689702
6.602810812190705
6.4582886674143865
6.510361015757345
6.880874746520788
5.920253574841037
6.595737837059178
6.164225940343461
6.303295756513615
6.221344714214853
6.3741061002401755
5.815122580824196
6.324861820276447
6.367993947802112
6.3840511662659605
6.372307160554677
6.355054309544412
6.457692261366352
6.242127984365831
6.616095825611927
6.423834408392803
6.510807846520328
6.885632678246829
6.311922182018748
7.245456944455328
6.78437374993392
6.132748499370965
6.154314563133798
6.4512973607366675
6.768448466762441
6.593021024093513
6.717790398605778
6.363939175723764
6.5388487182212085
5.958151622384289
6.468808652421153
6.4065815573825375
6.338115253846308
6.116789032829626
6.363680735049545
7.078293044787602
6.134033451075497
6.461036090446757
6.658331572859856
6.337603647843657
6.567754105055961
6.467265260042403
6.686603795257259
6.489446291097446
6.606573019829058
6.306296962164081
6.765296991523068
6.5012074069942445
6.263881903203838
6.303295756513615
6.488609800509694
6.111930719572227
6.35968131760914
6.307914331813948
6.572067317808528
6.40712665788737
6.5672533450905055
6.445631777348306
6.242910777977685
6.39387322431751
6.289686133843596
6.570745994293275
6.489069267421737
6.783831619337198
6.764877697129486
6.934856692648925
6.229971139719986
6.59363338157136
6.609839224493597
6.86967899773561
6.477435077926286
6.261414816964059
6.389560011564943
6.013271926768032
6.371573947778811
6.260163628987951
6.3383990453859695
6.6986175494173
6.52109343566995
6.116243932324793
6.702053995052429
6.350007884015978
6.665737269141556
6.38093358605981
6.938035681515764
6.339061429685765
6.7605644843769195
6.523583402206664
6.610231512320717
7.1499041883356975
6.411786446165457
6.2644768417405174
6.523583402206664
6.531963451330899
6.217031501462287
6.287906405960332
6.485105370230778
6.1464364215927585
6.810253026449319
6.638826662650837
7.077672217108436
6.5348293799992065
6.314108305960374
6.472221327227235
6.8006675936945475
6.398500232382237
6.1446616740686055
6.617945715350609
6.396929574039433
6.490950028815598
6.25865715398788
6.445472168188765
7.121818535699422
6.69244391149423
6.559127679550828
6.371637176142357
6.434302950400621
6.461905796361808
7.053882836634747
6.649270811664795
6.539238263360238
6.303295756513615
6.942179681139884
6.363010750637225
6.406812862575209
6.225876175591173
6.702986015577536
6.141665032584976
6.217031501462287
7.206638029682231
7.210951242434797
6.5620885216676
7.2235917522884945
6.555552411097301
6.437386502805788
6.212664555298378
6.422007053229035
6.402161508462839
6.470309941411401
6.789250270628864
6.49769569292687
6.17716557860116
6.489069267421737
6.486088648240464
6.37249814625639
6.65567226328602
5.973406003906906
6.239169801211499
6.2330395336940345
6.194418429611426
6.354007301456384
6.143014884870544
6.102802386483899
6.358634309521111
6.16026773588081
6.7730850189202565
6.43195892631474
6.2264466749270815
6.112467387312664
6.571056327314163
6.087667685646635
6.567582569846562
6.207358067869126
6.753606108479041
6.123175500694915
6.558159163977758
6.787639954598458
6.471816416411471
6.15336798996288
6.908409911670318
6.388580422408179
6.258918810209432
5.822926942978977
6.376925735855011
6.366946939714083
6.148900876963222
6.234108751058772
6.190241747004543
6.463189990906338
6.108431019436873
6.706711536129413
7.157304217747763
6.618312837321017
6.927723961833934
7.043563347243191
6.6371493641597485
6.622037423070219
6.990875172653256
6.527604067323646
6.402324048408862
6.255158416437271
6.104674715113364
5.925715044407778
6.473631239270896
6.181478791353727
6.757447465330493
6.502008905679436
6.108162607324493
6.4386161631531875
6.268877405267014
6.313949869981677
6.0697521364399165
6.519261756689702
6.220297706126825
6.197493125662385
6.3203730061101
6.465996728658834
6.598567422003091
6.188598741858789
6.17649559418884
6.329015423869472
6.138346663828063
7.055836149866396
6.571822209709505
6.502008905679436
6.683643344912046
6.321270846724563
6.207358067869126
6.378466021197148
6.665643859315484
6.255634957527601
6.111428811989031
6.510635331184569
6.664298688791153
6.02947776969027
6.552705508909762
6.161163915567002
6.866994654973586
6.615418101971413
6.19010521685886
6.489069267421737
6.364949313107257
6.268854756022014
6.624519884061671
6.197693067040359
6.418474187552208
6.258918810209432
6.181478791353727
7.110700341037741
6.221590999569287
6.404110461132657
6.375887160531377
6.6386111569869275
6.3626337269615165
6.345417473609664
6.016260933778822
6.4847560546691705
6.36267032461993
6.4126880008764955
6.485385315112731
6.0726098972159335
6.272370054469783
6.233237344384524
6.22844316767041
6.36270114589278
6.273892015205313
6.132073779182113
6.2656159575941155
6.473033369055721
6.393652701769456
6.5451410332051
6.283340504060797
6.66591099027696
6.700416692297491
6.470232740583006
6.3241286075005805
6.228924131631958
6.317374510624913
6.661597777524394
7.126435028846618
6.634656551208524
6.18990740616837
6.418772911676143
6.391170822874957
6.338590206493809
6.588273160730765
6.519261756689702
6.594028766144865
6.044289736577434
6.505283543108369
6.388255106496829
6.0615425875877
6.0043964074796685
6.0639834717108005
6.3241286075005805
6.535476032376335
6.076378009463667
6.382544397369824
6.895530064422111
6.351880212645444
6.411230411637718
6.237352746446601
6.044283512711769
6.795307372853952
6.661597777524394
6.323814812188418
6.323850829782082
6.984968605738695
6.372612523102444
6.257878104198314
5.747081840936087
6.550009237603811
6.358388690300215
6.427645713562174
6.734483953607748
6.587064276393034
6.129519212085107
6.389664347874886
6.334618093130047
6.307867409940401
6.321286551822919
7.042994385758926
6.486061503431418
6.481748290678852
6.368021083283659
6.174157814610842
6.398758673056457
6.424854461545137
6.350007884015978
6.286301346177568
6.155118550876781
6.499244096043427
6.355626545530792
6.372879396541058
6.065505432446329
6.241665959199167
5.970398239916587
6.237795382386548
6.225718556951149
6.03940964395765
6.766420332348235
6.065657511384361
6.307867409940401
6.066086834777845
6.4598396671904865
6.359939758283359
6.156904963600576
6.424854461545137
6.2124684613457495
6.5094932333370625
6.473452296416378
6.472171424701386
6.712917889844916
6.289330364385605
6.281988133425002
6.285017151633038
6.6999782515872175
6.338736081525473
6.80836876059254
6.529193630957082
6.055991645467541
6.649963588028942
6.50762756719425
6.296460516549149
6.176964552363337
6.265606689088984
5.876803646182776
6.310896428148437
6.666929788536091
6.329124070435452
6.273361707919869
6.42863736701226
6.013530367442251
6.116672455981557
6.128306645477008
6.184116191232411
6.17104190122977
6.588273160730765
6.1798692911761925
5.95411980962796
6.191370473570641
6.4672660172024035
6.237864352449252
6.9484959953957945
6.583844839965812
6.238347737861147
6.08685498423588
6.8780977181207
5.927266112390923
6.316807630757695
6.600753332076422
6.407139479340692
6.6875555465547505
6.083512435636267
6.304084504473277
6.040803227571198
6.240582570936081
6.433480887050269
6.389079328356022
6.191342754450427
6.50762756719425
6.701329699948298
6.0997946224935795
6.321120843510261
6.037114103446065
6.286368765108832
6.653894318575983
6.4508796130922
6.893218259813402
6.512985573043271
6.870076571195353
6.637263118125869
6.899588738811955
6.666057658883183
6.530290037764225
6.519654044516822
6.204350303878806
6.900859099733647
6.241018529608532
6.1360352485634735
6.124092977721377
7.058040022330001
6.03660887477127
6.5476426222781265
6.790690503978562
6.3760013402847795
6.6949125408913
6.788662578428175
6.575725810300185
6.372256197961116
6.3770042283699695
6.726143156135177
7.174557068758029
6.8034175884288395
6.879448244207065
6.98527935542595
6.744231070005461
6.706160768200811
7.042974991167729
6.596625270808673
6.256196967970738
6.1394543018998204
6.2866151414897296
6.348038695349293
6.285991942909788
6.449048559927301
5.959734714574089
6.312494418005128
6.161218176353143
6.268135334232175
5.786014560056854
6.723111548127851
6.530751326349158
6.292388808333312
6.49808798075399
6.642581062603724
6.713914326694969
6.65304984453422
6.328520312768105
6.75472459417045
6.512146104703098
6.937231900414035
6.908331689462524
6.950171538671734
7.2244732653634625
6.277674920672435
6.812770496652506
6.9515948546046795
6.17878482267557
6.630435202773403
6.313065938268325
6.236248034642736
6.004632699352513
6.4104991082156015
6.4386161631531875
6.462151415582706
6.355380169149895
5.67923747822954
6.24859414102143
6.303554197187834
6.321120843510261
6.250949977293782
6.279878970036961
6.4312327637690005
6.562156697758865
6.073370245473348
6.404465469422571
6.398975185029738
5.940422262621904
6.488868241183914
6.147797574133896
6.477435077926286
6.052906893577435
6.065846531835135
6.268319444428825
6.502205537469724
5.963225863976303
6.277674920672435
6.834559791653037
6.450203430775092
6.122399261580044
6.282518440710445
6.160179601029509
6.499001141689117
6.224877792318005
6.580952183987879
6.356870445610707
6.385509661676219
5.716842429794575
5.925229012553557
6.580952183987879
6.593498458859422
6.295458078968144
6.739256861288307
6.533309033019159
6.505883677721728
6.660411627704198
6.411451934933258
6.286301346177568
6.152249191122477
6.298843395215335
6.2604220696621695
6.468808652421153
6.474338817817969
6.73494364853574
6.496909647170182
6.10981463161226
6.397935338253965
6.191410665621107
6.596594223688132
6.286301346177568
6.282994949462565
5.817398693739397
6.286656354467484
6.6063055754074576
6.37775022065571
6.286301346177568
6.437794099802836
6.420541248792571
6.390348759524605
6.617041834055409
6.416228036040004
6.6672164390392075
6.681879481001641
6.338284331396378
6.7007138279400476
6.735405779729918
6.286831653463011
6.36015627025664
6.1477702700572525
6.411914823287438
6.311672354654776
6.427661199297632
6.124606216437729
6.277988715984597
6.416228036040004
6.246660368054119
5.823518976722477
6.275439394933887
6.211484681621267
6.337551631170175
6.211116090709955
6.531400585814767
6.572531083239028
6.36015627025664
6.132910029943418
6.099813323776371
6.443417277811526
6.84268973661342
5.870372283257208
5.92187026955072
6.203528240528455
5.978753422837115
6.029961155102165
6.443417277811526
6.381722334019472
6.30735914190221
6.204662097078888
6.766844414670962
6.764458593415124
6.264603818528082
6.697545872206459
6.4920354929168145
5.908970415330018
6.071069833175004
6.1947040043328325
6.788004454791595
6.117263985477127
6.3519585447157025
6.474245616013215
6.210962726940931
6.307045346590049
6.246660368054119
6.355843057504074
6.127404541506277
6.042900793359864
6.509833764891934
6.553214249880124
6.408435363840703
5.939941298660356
6.167141271240521
6.575354776690783
6.022373304920666
6.390348759524605
6.40057938295208
6.116783021515579
6.117263985477127
6.7105012804045066
7.115346905321456
6.556820167402174
6.355843057504074
6.77135066683346
6.686506968556767
6.350244893046977
6.420541248792571
6.268226431816951
6.328925205665042
5.858230559304306
6.377764129556821
6.986687971763894
6.38682021766426
6.386035546772039
6.384751352227509
5.851082332409576
6.33031878927859
6.141952080059869
5.860726784179469
6.710485510464158
6.337330848469888
6.437794099802836
6.524058354854164
6.3804381394749425
6.017390107755779
6.733867154300997
6.3378103520947064
6.395016980567086
6.624541699014773
6.165364003864731
6.307045346590049
5.992539386165264
6.332992042036711
6.713377584772908
6.48140573095332
6.314258309706985
6.407601610534871
5.915376739412338
5.99179073838355
6.500985816091261
6.246753380665993
6.647397635206069
6.362492761119407
6.2352554206672854
6.700900077709387
6.442107312555402
6.4938658655862
6.686820763868928
6.5257329695530215
6.485239440081067
7.175881917738133
6.134516836487392
6.901700134077803
6.3518848530414225
6.403288397782305
6.0256479423495986
6.4464205253079685
6.4018606005297904
6.553857480735973
6.148735925596673
6.236749748004456
6.409250445549542
6.082758283456595
6.695302670412291
5.952046127902221
6.4558807041189334
6.281942966523511
6.388952457812119
6.416228036040004
6.407075725439051
6.260282392535293
5.996194819665957
6.337685856759802
6.614635822658059
6.394661972277172
6.2105170168623705
6.459360163565668
6.294105708332349
6.351975803771383
6.454521065717281
6.1610350516232115
5.791932903840964
6.037448586762856
6.192670290147873
6.281061271996035
5.991276465918695
6.048252581436064
6.611632575161616
6.375445354688677
6.125673899008977
6.087071496209162
5.994262503529819
6.522789220378711
6.23372072979642
6.621609526753114
6.0764254400818105
5.6675571979957615
6.486061503431418
6.354970190493098
6.242414574232816
6.102867178505017
6.509859358572545
6.350270486727587
6.39337212480928
6.390348759524605
6.271255450024987
6.354583699480154
6.206557258736491
6.1776489640130565
6.002576901341949
6.079992450432604
7.015033687869255
6.737394189740938
6.596123613623872
6.202582677816696
5.930055515131303
6.464309415693458
6.52582801503828
6.986054711229462
5.740514456961092
5.680587286579034
6.012462684871003
6.146157332684174
6.412601279453364
6.202951268728009
6.561592317922731
6.573568784603692
6.530098340957174
6.592606870541047
6.414875665404209
6.701722141059739
6.336011327087515
6.657551438210441
6.581311952960846
6.568660661280008
6.950619049540007
6.952847487958229
6.315671772095182
6.4062492398990765
6.454516643527659
6.623603347551996
6.7206985615157935
6.580552758493542
7.036403317326974
6.640052967979279
7.325988706663241
7.427796379467769
6.668939251324995
6.941538646995643
7.258827152716226
7.541222515509236
6.545161530262817
6.918341785937698
7.044617493023838
6.845781731340219
6.8739922104881765
7.194594741512978
7.1796599166779265
6.930117657706932
6.934094440832487
6.98980141901231
7.16648071507451
7.164301625717023
7.209294827684101
6.8027002837719435
6.94585185974821
7.251460775581308
7.048004677904617
6.979191084554044
7.106896190803331
6.951328713179849
7.021025299138159
6.539079680988981
6.933959441379638
6.5270866159022
6.543326485269442
6.202726690658406
6.2548058295977045
6.902075741867641
7.016712086385593
7.52538995674639
6.948182347259081
6.37408574903626
6.877336907667673
6.953311808038645
6.868807473756068
6.937225434243077
6.984996603204672
7.108810341860514
6.902172570152839
6.916962938999915
6.870905186378728
6.733152064236661
6.6382613836802
6.979191084554044
6.642574596432766
7.119387338120116
6.96281384548495
7.433328861133842
7.2665564609450275
6.594251591218545
6.937225434243077
6.56734256131786
6.450203430775092
6.968026504415684
6.7356990054642685
6.767689760349658
6.870789989758335
6.877212777674375
7.283712236552294
6.665932244494678
7.021025299138159
6.552991486098208
6.638240902415492
7.427165293824052
7.204986530642434
7.049348484545097
6.683055697203551
6.84590417670803
6.73570195798445
6.454516643527659
6.295761524988533
6.476038986899639
6.808674986177215
6.6918115210100755
6.744854268585403
6.654276800781508
7.005394293669081
7.0010810809165145
6.836711187240879
6.607186468793192
6.901877187607487
6.488499880141421
6.562877269627262
6.918626678767974
6.649963588028942
6.921427801150599
6.491356456069431
6.821369684006965
6.256942610215436
6.99528704951659
6.979045500902249
6.9787267644736275
7.0444117627023335
7.210387619758665
6.635738998066712
7.177523743891792
6.81889751965347
6.662903226286641
6.435979597972863
6.6918115210100755
6.641337162523809
6.616051329562463
6.7626542223983845
6.648679393484412
6.634792424895794
6.488886738363766
6.559741128514962
6.684469290049473
7.181281359701663
6.784952634210082
6.321166817171067
6.740343245142347
6.695548289633187
6.902075741867641
6.803331101584266
6.601696184400359
7.319357479748966
6.633105626312575
6.921832935339912
6.849495125486493
6.415426486169955
6.872604654422689
6.990844339380975
6.567190482379829
6.709133139828364
6.275821466464199
6.644828311926024
6.614635822658059
6.7483454179876174
6.552991486098208
6.876219839829081
6.1417724046286954
6.444606023477996
7.242127715466894
6.4709474311875725
6.2470153763440335
6.5930697588952265
6.384683176136244
6.458007792929873
6.550292639659477
6.898824478915547
6.644828311926024
6.58875654614266
6.705213290461954
6.536997993111863
7.02103682864894
6.791957049138102
6.29001220500112
6.558564056874696
7.000908244925118
6.785880138216186
5.905003511391415
6.330381070536997
6.488521261975748
6.935123531604098
6.419188878156776
6.394828013717458
6.675020801193988
6.679334013946555
6.661561875274472
6.6491415246785905
6.228926553082307
7.516545891138593
6.536997993111863
6.580130120637527
6.5822118085146455
6.742611648460417
7.226381112745009
6.623262248163192
6.679334013946555
6.683647226699121
7.273012349098608
6.626290509211227
6.6491415246785905
6.507551020981987
6.384683176136244
6.700900077709387
6.5024051771673195
6.6663943756888555
6.490745914993979
6.348593798287247
6.687960439451688
6.3976228143939435
6.700900077709387
6.671987039293004
6.930810318851531
6.94089465664074
6.990785293719135
6.392050243617456
6.19821566721535
6.318725626823827
6.326428755236494
7.469180384912649
6.729808372432822
6.501297377835128
7.183420466879602
6.456815853837217
6.497698114377219
6.681063936839221
6.70952650321452
7.140116857693681
6.554985793548467
6.750571402679719
6.162622824180778
7.209128261734744
6.643568953902103
6.3489181160917925
6.935123531604098
6.314412414071261
6.346975970980106
7.309591513067692
6.888598147409034
6.570244337108474
6.314412414071261
6.63494252839697
6.802333892357706
6.7384596344585646
6.6090632518815715
7.065061976219216
6.3753226196923265
6.331665265081527
6.565931124355908
6.509859358572545
6.792164001679209
6.4795738566927055
6.3735131980626605
6.829996109512097
6.393762383226218
6.098511115424104
6.487623310397392
6.608024676557938
6.471097617434985
6.326313477005327
6.9787267644736275
6.621609526753114
6.029653258477865
6.564646929811378
6.656508592159803
6.301472775813561
6.302269245483303
6.63615948104122
6.639255741149537
6.7213350162616
6.439563002826951
7.15305649595138
6.310099201318694
6.49816274643579
6.689174772946215
6.37172505115051
7.15305649595138
6.812743258501832
6.484758476119519
7.15305649595138
7.330301919415808
6.631846268288654
6.417929520132855
6.213924326217703
6.600436826376439
6.959809816374316
6.51288837678058
6.360819179025858
6.117705461728024
6.943830117784464
6.202623890794449
6.642284002197572
6.227478174607612
6.410174501301969
6.565931124355908
6.488648303099627
6.6090632518815715
6.620718695594741
9.292214847366575
6.565931124355908
7.1537181419551965
6.864501811532628
6.379982012034005
6.630629315644404
6.206801804678437
6.591810400871306
6.577586568069076
6.405861288549403
7.4138632777449764
6.912652686115416
6.243977550916668
7.413108619129286
6.574557549861041
6.395079261825493
6.52711220958281
6.574557549861041
6.402862793064216
6.456816610997217
7.239320751002708
5.900229156780658
6.561617911603341
6.391171089377802
7.243633963755275
7.157369708703946
6.415426486169955
6.414141534465425
7.171378611593136
6.145956455702335
6.892911360161601
6.794165275006446
6.557279862330166
7.090048232690003
7.144430070446248
7.271858827505558
6.334693526129562
6.461744033881994
6.318725626823827
6.4179969390641185
7.043729823030283
6.3402916905866595
6.583183975366174
6.479273505918423
6.453306628827634
7.174622559714212
6.344017993771836
6.315741628899381
6.896304616830999
6.52711220958281
6.228605967173805
6.365749621016276
6.354007301456384
7.281702205654941
6.311428416146814
6.364910959260104
7.137458754410025
6.527372207046192
6.514630379478983
6.355041507634025
6.9335404537243654
6.257759881118137
6.366696194187194
6.4758114647058855
6.462871826448186
7.588305207395893
7.252744970125838
6.415426486169955
7.260072710840909
6.393860422407124
6.821827492160836
7.058045866744489
6.973794023418989
6.85494166803545
6.972966159107555
6.512739196662373
7.529703169498957
6.5916619779131
6.894939241228544
6.894939241228544
6.843516973028592
6.875249679607208
6.7794309273001945
6.656360169201596
6.89925245398111
6.973794023418989
7.036881898677079
7.2718972112851805
6.421884454984601
6.886312815723411
6.808674986177215
6.878954194578442
6.648565443342685
6.587685049991379
6.796071632750362
6.839203760276026
6.467197841111139
6.808325503626611
6.969151816038072
6.914631091981593
7.096252635957489
6.564834034524016
6.929387864693764
7.089162047907334
6.843516973028592
6.714403338643219
6.626503964764477
7.667869046015217
6.982756733754967
6.947034079090186
6.611437237695838
6.843516973028592
6.6373165142112365
6.826264122018326
6.799858960407108
6.942739589796689
6.938887157209873
6.5963114754965115
6.624376875953537
6.907821800930932
7.430642344624065
6.938407653585053
6.740282615158618
7.659242620510085
6.591998262743945
7.117956873193414
6.90684030416261
7.251192010219034
7.149152250546568
6.626503964764477
6.987817510059177
7.007613804979345
7.069749850351894
6.713639626490052
6.826264122018326
6.739926947182785
6.817637696513193
6.752939505224697
6.787445207245229
6.625263147406195
7.409359029052852
6.851750035147568
7.360278569947208
6.710090125890653
6.826349059519456
7.3300860806792425
6.714403338643219
6.950077860674169
6.4837807077090845
7.047181138419949
6.575028159925299
7.093142127479709
6.8739922104881765
6.68852406212782
6.732440860545706
7.157840318768205
6.875209163132427
6.564274645609227
6.722359779736032
7.165546788190171
6.856739359477911
7.630443871456464
7.205285659046436
6.6779262329644284
6.774788317179149
6.5610110241356
6.376508873967335
6.856345996091754
6.431645131002579
6.606831460503278
6.706131921428001
7.778830358239968
7.165546788190171
6.5491488834099005
6.566401734420166
6.961155271641324
6.802131349924985
6.540522457904768
6.278250233304049
6.4758242666162715
6.940372169780946
7.159040386755614
6.79894461271375
7.094925068118702
6.810757449111774
7.165546788190171
7.096390809430582
6.98509716673127
6.527582819647068
6.553462096162467
6.635149113728679
6.629830494540079
6.840703461111895
6.599662178328439
6.68852406212782
6.861052572230477
7.139667511674772
6.375335421602713
7.14058746775794
6.553462096162467
6.9211548025747875
6.890851698112286
6.9896250214181155
6.878305423240743
7.025913664077639
6.925357400132817
7.385904493633783
6.3337466864557985
7.066672292249622
6.733064852410053
6.840703461111895
6.7322496332075374
6.644344926514128
7.296168489398097
6.976890283527306
6.865365784983044
6.522222598806474
6.687477054039792
6.640031713761561
6.441538274017077
6.5092829605487745
6.717669543307757
6.594668061360449
6.847065925884749
6.655999613067296
6.501961983805889
6.549882221023231
6.97742131571138
6.973108102958814
6.504969747796208
6.709043117802624
6.479090471280809
7.126600821412212
6.691790266792358
7.1041148015662126
7.029179868742177
6.913707505539009
6.682239445716995
7.117054439823912
6.7000233289113345
7.108428014318779
6.840703461111895
6.843969665776433
6.816873436616785
6.7047299050500575
6.67584286454434
6.454516643527659
7.680808684272916
6.58875654614266
6.657878008325881
6.303082501731419
6.610280581887802
7.27215064603665
6.40509587007486
6.808247011111652
7.640063760426691
6.513596173301341
6.902394368969254
7.1526071499324715
6.375092401257668
6.729570606241823
7.053276204618583
7.360866680686593
6.703857305543172
7.092222171396542
6.618825418971697
6.382219579020207
6.63874676205703
6.496343322291075
6.8018789795102235
6.717669543307757
6.571503695132395
6.756251271624353
6.956842058888757
6.829310549153286
7.001517651587786
6.3958552344375175
6.809463963755902
6.818917147364775
6.963053845235444
6.7047299050500575
7.330674191418628
6.7343965092222025
6.816480073230628
6.717669543307757
6.535229655995437
6.42863736701226
6.380369963383678
6.805150751003335
6.94931360077776
6.689298668209915
7.381844633710039
6.58875654614266
6.709043117802624
6.721982756060323
6.673867431369773
6.453566203055326
6.388032039515368
6.504969747796208
6.696103479544925
6.225848456470959
7.4298780847276555
6.6447046954870945
6.42941360612713
6.500656535043642
6.8729147129561765
6.379324085882276
6.52118402348284
7.330674191418628
6.46615083302311
6.709043117802624
6.51208969830127
6.999974186414422
6.437263792517393
6.710348566564871
6.9941966748449005
6.52653581155904
7.106817698288372
6.410099564297464
7.077672217108436
6.51417257132511
6.38119202673403
6.602518247750711
6.511469084490401
6.376056750631111
7.005394293669081
6.445890218022526
6.597535050585825
6.588293657788481
6.558033749589252
6.886538485359719
7.0444117627023335
6.535018890880538
6.494206964975004
6.437263792517393
6.58875654614266
7.004606040989026
6.465329192974418
6.935594636947964
6.466144274683257
6.756755331519469
6.91433344045329
6.618949035410625
6.545161530262817
7.0105295697719985
6.361707650848315
6.315208883741002
7.0071363131026
6.532154473073854
6.2242927544212385
6.610474688843524
5.9986684623914135
6.5179093860539075
6.711256426107186
6.514969040994852
6.640052967979279
6.6672164390392075
6.95969097282437
6.479611594273018
6.015251328989359
6.588294414948482
6.903901951564522
6.383644600812611
6.968794890206247
6.684469290049473
6.307867409940401
6.436992549932787
6.816873436616785
6.899623640721231
